Faces: 12, Arcs: 22
  F0: (0.00,12.00) (0.00,0.00) (2.00,2.00) (3.68,4.52) (3.93,5.52) (2.00,6.00) (2.00,10.00)
  F1: (0.00,0.00) (4.00,0.00) (2.00,2.00)
  F2: (4.00,0.00) (4.00,4.00) (3.68,4.52) (2.00,2.00)
  F3: (3.68,4.52) (4.00,4.00) (8.00,4.00) (10.00,6.00) (8.32,7.48) (3.93,5.52)
  F4: (8.00,4.00) (8.00,0.00) (10.00,2.00) (10.00,6.00)
  F5: (8.00,0.00) (12.00,0.00) (10.00,2.00)
  F6: (12.00,0.00) (12.00,12.00) (10.00,10.00) (8.32,7.48) (10.00,6.00) (10.00,2.00)
  F7: (12.00,12.00) (8.00,12.00) (10.00,10.00)
  F8: (8.00,12.00) (8.00,8.00) (8.32,7.48) (10.00,10.00)
  F9: (8.00,8.00) (4.00,8.00) (2.00,6.00) (3.93,5.52) (8.32,7.48)
  F10: (4.00,8.00) (4.00,12.00) (2.00,10.00) (2.00,6.00)
  F11: (4.00,12.00) (0.00,12.00) (2.00,10.00)
