=== USER BUILDING (meters) ===
Faces: 12, Arcs: 21
  F0: (11.00,2.00) (11.00,-2.00) (12.92,-0.81) (12.82,1.70) (11.98,2.34)
  F1: (11.00,-2.00) (15.00,-2.00) (12.92,-0.81)
  F2: (15.00,-2.00) (15.00,2.00) (15.47,3.53) (14.85,4.31) (13.39,3.11) (12.82,1.70) (12.92,-0.81)
  F3: (15.00,2.00) (17.00,2.00) (15.47,3.53)
  F4: (17.00,2.00) (17.00,7.00) (15.62,6.34) (14.85,4.31) (15.47,3.53)
  F5: (17.00,7.00) (15.00,7.00) (15.62,6.34)
  F6: (15.00,7.00) (15.00,9.00) (13.00,7.76) (13.00,5.00) (13.39,3.11) (14.85,4.31) (15.62,6.34)
  F7: (15.00,9.00) (11.00,9.00) (13.00,7.76)
  F8: (11.00,9.00) (11.00,7.00) (13.00,5.00) (13.00,7.76)
  F9: (11.00,7.00) (8.00,7.00) (9.69,3.69) (11.98,2.34) (12.82,1.70) (13.39,3.11) (13.00,5.00)
  F10: (8.00,7.00) (8.00,2.00) (9.69,3.69)
  F11: (8.00,2.00) (11.00,2.00) (11.98,2.34) (9.69,3.69)

Written to user_building_skeleton.txt
